Iteration	CPUTime	PhysTime	Travels	Value	AvValue	MinValue	MaxValue	Delta	Criteria	PrevAvRefValue	Progress	CriteriaType	CriteriaVarType	CriteriaPercentage
1	4	0	0.0147216307	0.0498352178	0.0498352178	0.0498352178	0.0498352178	0	0	0	0	0	0	3
2	5	0	0.0294432614	0.00019165235	0.0250134351	0.00019165235	0.0498352178	0.0248217827	0	0	0	0	0	3
3	6	0	0.0441648921	-0.000143442598	0.0166278092	-0.000143442598	0.0498352178	0.0332074086	0	0	0	0	0	3
4	6	0	0.0588865227	-6.5371753e-05	0.0124545139	-0.000143442598	0.0498352178	0.0373807038	0	0	0	0	0	3
5	7	0	0.0736081534	-5.19216497e-05	0.00995322683	-0.000143442598	0.0498352178	0.039881991	0	0	0	0	0	3
6	7	0	0.0883297841	2.42408662e-06	0.0082947597	-0.000143442598	0.0498352178	0.0415404581	0	0	0	0	0	3
7	8	0	0.103051415	8.36241655e-06	0.00711098866	-0.000143442598	0.0498352178	0.0427242291	0	0	0	0	0	3
8	8	0	0.117773045	7.18032257e-05	0.00623109048	-0.000143442598	0.0498352178	0.0436041273	0	0	0	0	0	3
9	9	0	0.132494676	8.06021617e-05	0.00554770289	-0.000143442598	0.0498352178	0.0442875149	0	0	0	0	0	3
10	10	0	0.147216307	0.000202437866	0.00501317639	-0.000143442598	0.0498352178	0.0448220414	0	0	0	0	0	3
11	10	0	0.161937938	0.000105141957	0.00456699144	-0.000143442598	0.0498352178	0.0452682264	0	0	0	0	0	3
12	11	0	0.176659568	0.000138689127	0.00419796625	-0.000143442598	0.0498352178	0.0456372515	0	0	0	0	0	3
13	11	0	0.191381199	7.72571986e-05	0.00388098863	-0.000143442598	0.0498352178	0.0459542292	0	0	0	0	0	3
14	12	0	0.20610283	0.000213025024	0.00361899123	-0.000143442598	0.0498352178	0.0462162266	0	0	0	0	0	3
15	12	0	0.22082446	4.18257498e-05	0.00338051353	-0.000143442598	0.0498352178	0.0464547043	0	0	0	0	0	3
16	13	0	0.235546091	4.18846214e-05	0.00317184922	-0.000143442598	0.0498352178	0.0466633686	0	0	0	0	0	3
17	14	0	0.250267722	0.000224060924	0.00299844991	-0.000143442598	0.0498352178	0.0468367679	0	0	0	0	0	3
18	14	0	0.264989352	0.000113551165	0.00283817776	-0.000143442598	0.0498352178	0.04699704	0	0	0	0	0	3
19	15	0	0.279710983	0.000138699602	0.00269609996	-0.000143442598	0.0498352178	0.0471391178	0	0	0	0	0	3
20	15	0	0.294432614	0.000151812244	0.00256888558	-0.000143442598	0.0498352178	0.0472663322	0	0	0	0	0	3
21	16	0	0.309154244	0.000134767374	0.00245297518	-0.000143442598	0.0498352178	0.0473822426	0	0	0	0	0	3
22	16	0	0.323875875	-0.00957252699	0.00190636145	-0.00957252699	0.0498352178	0.0479288563	0	0	0	0	0	3
23	17	0	0.338597506	-0.0210433762	0.000908546767	-0.0210433762	0.0498352178	0.048926671	0	0	0	0	0	3
24	18	0	0.353319136	-0.0242169772	-0.000138350066	-0.0242169772	0.0498352178	0.0499735679	0	0	0	0	0	3
25	18	0	0.368040767	-0.0161634243	-0.000779353035	-0.0242169772	0.0498352178	0.0506145708	0	0	0	0	0	3
26	19	0	0.382762398	-0.0033442874	-0.000878004356	-0.0242169772	0.0498352178	0.0507132221	0	0	0	0	0	3
27	19	0	0.397484028	-0.00321673203	-0.0009646239	-0.0242169772	0.0498352178	0.0507998417	0	0	0	0	0	3
28	20	0	0.412205659	0.000249120393	-0.00092127589	-0.0242169772	0.0498352178	0.0507998417	0	0	0	0	0	3
29	21	0	0.42692729	0.000352467818	-0.000877353693	-0.0242169772	0.0498352178	0.0507998417	0	0	0	0	0	3
30	21	0	0.441648921	0.00035148721	-0.000836392329	-0.0242169772	0.0498352178	0.0507998417	0	0	0	0	0	3
31	22	0	0.456370551	0.000369697503	-0.000797486206	-0.0242169772	0.0498352178	0.0507998417	0	0	0	0	0	3
32	22	0	0.471092182	0.000563934384	-0.000754941812	-0.0242169772	0.0498352178	0.0507998417	0	0	0	0	0	3
33	23	0	0.485813813	0.000681154497	-0.000711423742	-0.0242169772	0.0498352178	0.0507998417	0	0	0	0	0	3
34	24	0	0.500535443	0.000662524596	-0.000671013497	-0.0242169772	0.0498352178	0.0507998417	0	0	0	0	0	3
35	24	0	0.515257074	0.000583736681	-0.00211958647	-0.0242169772	0.000681154497	0.0248981317	0	0	0	0	0	3
36	25	0	0.529978705	0.000573624772	-0.00210835199	-0.0242169772	0.000681154497	0.0187473957	0	0	0	0	0	3
37	26	0	0.544700335	0.0011006652	-0.00207176058	-0.0242169772	0.0011006652	0.0145741004	0	0	0	0	0	3
38	26	0	0.559421966	0.000708372844	-0.00204900339	-0.0242169772	0.0011006652	0.0120728133	0	0	0	0	0	3
39	27	0	0.574143597	0.000702715329	-0.00202680818	-0.0242169772	0.0011006652	0.0104143462	0	0	0	0	0	3
40	27	0	0.588865227	0.000671951448	-0.0020071162	-0.0242169772	0.0011006652	0.00923057513	0	0	0	0	0	3
41	28	0	0.603586858	0.00060832234	-0.00198947032	-0.0242169772	0.0011006652	0.00835067695	0	0	0	0	0	3
42	28	0	0.618308489	0.00129500552	-0.00195349378	-0.0242169772	0.00129500552	0.00766728936	0	0	0	0	0	3
43	29	0	0.633030119	0.000758434719	-0.00193355753	-0.0242169772	0.00129500552	0.00713276286	0	0	0	0	0	3
44	30	0	0.64775175	0.000689029107	-0.00191924602	-0.0242169772	0.00129500552	0.00668657791	0	0	0	0	0	3
45	30	0	0.662473381	0.00112441569	-0.00188926739	-0.0242169772	0.00129500552	0.00631755272	0	0	0	0	0	3
46	31	0	0.677195011	0.00103966627	-0.00186276806	-0.0242169772	0.00129500552	0.0060005751	0	0	0	0	0	3
47	32	0	0.691916642	-0.000267532447	-0.00187290893	-0.0242169772	0.00129500552	0.0057385777	0	0	0	0	0	3
48	32	0	0.706638273	-0.0011727383	-0.00191366667	-0.0242169772	0.00129500552	0.0055001	0	0	0	0	0	3
49	33	0	0.721359904	-0.00206343958	-0.00197558624	-0.0242169772	0.00129500552	0.00529143569	0	0	0	0	0	3
50	33	0	0.736081534	-0.00121580233	-0.00201257704	-0.0242169772	0.00129500552	0.00511803638	0	0	0	0	0	3
51	34	0	0.750803165	-0.000643526373	-0.00203809431	-0.0242169772	0.00129500552	0.00495776423	0	0	0	0	0	3
52	34	0	0.765524796	0.00051497825	-0.00202628763	-0.0242169772	0.00129500552	0.00481568643	0	0	0	0	0	3
53	35	0	0.780246426	0.000298995775	-0.00202157304	-0.0242169772	0.00129500552	0.00468847205	0	0	0	0	0	3
54	36	0	0.794968057	1.36135204e-05	-0.00202563771	-0.0242169772	0.00129500552	0.00457256166	0	0	0	0	0	3
55	36	0	0.809689688	-6.73746654e-05	-0.00203158306	-0.0242169772	0.00129500552	0.00402594792	0	0	0	0	0	3
56	37	0	0.824411318	-0.000369259627	-0.00176089873	-0.0242169772	0.00129500552	0.00302813324	0	0	0	0	0	3
57	37	0	0.839132949	0.000143058223	-0.0011377683	-0.0242169772	0.00129500552	0.0019812364	0	0	0	0	0	3
58	38	0	0.85385458	-0.000197011227	-0.000431298711	-0.0161634243	0.00129500552	0.00168828776	0	0	0	0	0	3
59	39	0	0.86857621	-0.000335865424	3.42177256e-05	-0.0033442874	0.00129500552	0.0021538042	0	0	0	0	0	3
60	39	0	0.883297841	-0.000106400359	0.000129449697	-0.00321673203	0.00129500552	0.00224903617	0	0	0	0	0	3
61	40	0	0.898019472	-0.000989782396	0.000194948216	-0.00206343958	0.00129500552	0.00231453469	0	0	0	0	0	3
62	40	0	0.912741102	-0.000307361193	0.000178581111	-0.00206343958	0.00129500552	0.00231453469	0	0	0	0	0	3
63	41	0	0.927462733	0.000416838863	0.000180474377	-0.00206343958	0.00129500552	0.00231453469	0	0	0	0	0	3
64	42	0	0.942184364	0.000125520326	0.000173828292	-0.00206343958	0.00129500552	0.00231453469	0	0	0	0	0	3
65	42	0	0.956905994	0.00074348454	0.000184822028	-0.00206343958	0.00129500552	0.00231453469	0	0	0	0	0	3
66	43	0	0.971627625	0.000229247872	0.000174978307	-0.00206343958	0.00129500552	0.00231453469	0	0	0	0	0	3
67	43	0	0.986349256	0.000857893904	0.000180176525	-0.00206343958	0.00129500552	0.00231453469	0	0	0	0	0	3
68	44	0	1.00107089	-0.000133436092	0.000156765917	-0.00206343958	0.00129500552	0.00231453469	15.9505277	0	0	0	0	3
69	45	0	1.01579252	0.000449655318	0.000152822347	-0.00206343958	0.00129500552	0.0023033002	15.7809518	0	0	0	0	3
70	45	0	1.03051415	-0.000146626019	0.0001316385	-0.00206343958	0.00129500552	0.0022667088	15.8042511	0	0	0	0	3
71	46	0	1.04523578	-0.000507203901	8.43482329e-05	-0.00206343958	0.00129500552	0.0022439516	15.9932032	0	0	0	0	3
72	46	0	1.05995741	-0.000461070588	4.99528378e-05	-0.00206343958	0.00129500552	0.00223304253	16.0095965	0	0	0	0	3
73	47	0	1.07467904	-0.000602295577	1.15701641e-05	-0.00206343958	0.00129500552	0.00223304253	15.8701792	0	0	0	0	3
74	47	0	1.08940067	-0.00143863131	-5.05057995e-05	-0.00206343958	0.00129500552	0.00223304253	15.888112	0	0	0	0	3
75	48	0	1.1041223	-0.00161381802	-0.000115862869	-0.00206343958	0.00129500552	0.00223304253	15.9030275	0	0	0	0	3
76	49	0	1.11884393	-0.00112010138	-0.000186895425	-0.00206343958	0.00112441569	0.00223304253	15.9252658	0	0	0	0	3
77	49	0	1.13356556	-0.000260112921	-0.000216852708	-0.00206343958	0.00112441569	0.00223304253	15.9482724	0	0	0	0	3
78	50	0	1.14828719	-0.000344726178	-0.000247257276	-0.00206343958	0.00112441569	0.00223304253	15.9619014	0	0	0	0	3
79	50	0	1.16300882	-0.00036280042	-0.000290998926	-0.00206343958	0.00103966627	0.00223304253	15.9692216	0	0	0	0	3
80	51	0	1.17773045	-0.000432358094	-0.00033429376	-0.00206343958	0.000857893904	0.00223304253	15.9773413	0	0	0	0	3
81	51	0	1.19245209	-0.00037584938	-0.000337479552	-0.00206343958	0.000857893904	0.00223304253	15.9857488	0	0	0	0	3
82	52	0	1.20717372	9.06252948e-05	-0.000300321799	-0.00206343958	0.000857893904	0.00223304253	15.9943295	0	0	0	0	3
83	53	0	1.22189535	0.0003473954	-0.000229414888	-0.00161381802	0.000857893904	0.00223304253	15.9766585	0	0	0	0	3
84	53	0	1.23661698	0.000743546045	-0.000171786995	-0.00161381802	0.000857893904	0.00223304253	15.9347094	0	0	0	0	3
85	54	0	1.25133861	0.000690953977	-0.000132537573	-0.00161381802	0.000857893904	0.00222653128	15.9083968	0	0	0	0	3
86	54	0	1.26606024	0.00103362997	-0.00011728311	-0.00161381802	0.00103362997	0.00222653128	15.8665949	0	0	0	0	3
87	55	0	1.28078187	0.000671955521	-0.000106313706	-0.00161381802	0.00103362997	0.00222653128	15.8463066	0	0	0	0	3
88	56	0	1.2955035	4.41182632e-05	-0.000105416508	-0.00161381802	0.00103362997	0.00222653128	15.9908668	0	0	0	0	3
89	56	0	1.31022513	0.000716211882	-8.23698447e-05	-0.00161381802	0.00103362997	0.00195584694	15.9757717	0	0	0	0	3
90	57	0	1.32494676	0.00102313059	-4.14171913e-05	-0.00161381802	0.00103362997	0.00133271652	15.973204	0	0	0	0	3
91	57	0	1.33966839	-8.80417272e-05	-4.82142487e-05	-0.00161381802	0.00103362997	0.000626246927	16.1316027	0	0	0	0	3
92	58	0	1.35439002	0.000952699781	-1.4399219e-05	-0.00161381802	0.00103362997	0.000532427768	16.1260398	0	0	0	0	3
93	58	0	1.36911165	0.000208430428	1.60948252e-06	-0.00161381802	0.00103362997	0.000532427768	16.1291882	0	0	0	0	3
94	59	0	1.38383328	0.000617349682	2.28962484e-05	-0.00161381802	0.00103362997	0.000532427768	16.1337108	0	0	0	0	3
95	59	0	1.39855492	-0.000730220285	3.05304282e-05	-0.00161381802	0.00103362997	0.00052230158	16.1176025	0	0	0	0	3
96	60	0	1.41327655	-0.00117246576	5.08617632e-06	-0.00161381802	0.00103362997	0.00052230158	16.2904722	0	0	0	0	3
97	60	0	1.42799818	2.30596794e-05	-6.49556437e-06	-0.00161381802	0.00103362997	0.00052230158	16.2888699	0	0	0	0	3
98	61	0	1.44271981	0.00161045896	3.71791012e-05	-0.00161381802	0.00161045896	0.00052230158	16.2921985	0	0	0	0	3
99	62	0	1.45744144	0.00113361489	4.86535234e-05	-0.00161381802	0.00161045896	0.000517656077	16.2860455	0	0	0	0	3
100	62	0	1.47216307	0.000917668957	6.89012023e-05	-0.00161381802	0.00161045896	0.000517656077	16.2807368	0	0	0	0	3
101	63	0	1.4868847	-0.00287322898	-4.08377061e-05	-0.00287322898	0.00161045896	0.000494245469	16.2701236	0	0	0	0	3
102	64	0	1.50160633	0.00066907616	-1.72344046e-05	-0.00287322898	0.00161045896	0.000490301899	16.277595	0	0	0	0	3
103	64	0	1.51632796	-0.00133814804	-6.98168562e-05	-0.00287322898	0.00161045896	0.000469118053	16.0957578	0	0	0	0	3
104	65	0	1.53104959	-0.00486510051	-0.000208595518	-0.00486510051	0.00161045896	0.000421827785	16.2719606	0	0	0	0	3
105	66	0	1.54577122	-0.00185125829	-0.000248126529	-0.00486510051	0.00161045896	0.000406380755	16.2684836	0	0	0	0	3
106	66	0	1.56049285	-0.00252669335	-0.00030888014	-0.00486510051	0.00161045896	0.000406380755	16.0966359	0	0	0	0	3
107	67	0	1.57521448	-0.0076153	-0.000515144976	-0.0076153	0.00161045896	0.000584046178	16.2688064	0	0	0	0	3
108	67	0	1.58993611	-0.00686802607	-0.000674833057	-0.0076153	0.00161045896	0.000743734259	15.7824336	0	0	0	0	3
109	68	0	1.60465774	-0.00673073509	-0.000825330617	-0.0076153	0.00161045896	0.00089423182	15.8014034	0	0	0	0	3
110	68	0	1.61937938	-0.0062872322	-0.000977305053	-0.0076153	0.00161045896	0.00104620626	15.7935341	0	0	0	0	3
111	69	0	1.63410101	-0.0128209335	-0.00134674095	-0.0128209335	0.00161045896	0.00141564215	15.9510584	0	0	0	0	3
112	69	0	1.64882264	-0.00539328532	-0.00149522799	-0.0128209335	0.00161045896	0.00156412919	15.9443219	0	0	0	0	3
113	70	0	1.66354427	-0.00514380673	-0.00163584582	-0.0128209335	0.00161045896	0.00170474702	15.9368269	0	0	0	0	3
114	71	0	1.6782659	-0.00380026	-0.00173490176	-0.0128209335	0.00161045896	0.00180380296	15.9340319	0	0	0	0	3
115	71	0	1.69298753	-0.00532274721	-0.00188039875	-0.0128209335	0.00161045896	0.00194929995	15.9139884	0	0	0	0	3
116	72	0	1.70770916	-0.00559708841	-0.00204768445	-0.0128209335	0.00161045896	0.00211658565	15.9140702	0	0	0	0	3
117	72	0	1.72243079	-0.00174687853	-0.00210928074	-0.0128209335	0.00161045896	0.00217818194	16.0698915	0	0	0	0	3
118	73	0	1.73715242	0.00180724434	-0.0020779955	-0.0128209335	0.00180724434	0.00217818194	16.0865794	0	0	0	0	3
119	73	0	1.75187405	0.00031107929	-0.00208916828	-0.0128209335	0.00180724434	0.00217818194	16.0860497	0	0	0	0	3
120	74	0	1.76659568	0.00381730475	-0.00200729549	-0.0128209335	0.00381730475	0.00217818194	16.1152079	0	0	0	0	3
121	74	0	1.78131731	0.00209909238	-0.00196532088	-0.0128209335	0.00381730475	0.00217818194	15.9773933	0	0	0	0	3
122	75	0	1.79603894	0.00177169944	-0.00191450967	-0.0128209335	0.00381730475	0.00217818194	16.1602166	0	0	0	0	3
123	75	0	1.81076057	0.00323011217	-0.00184057143	-0.0128209335	0.00381730475	0.00217818194	16.164085	0	0	0	0	3
124	76	0	1.8254822	0.00333956246	-0.00177244108	-0.0128209335	0.00381730475	0.00217818194	16.1677125	0	0	0	0	3
125	76	0	1.84020384	0.00141728063	-0.00172816689	-0.0128209335	0.00381730475	0.00217818194	15.9985287	0	0	0	0	3
126	77	0	1.85492547	0.00307299014	-0.00166580541	-0.0128209335	0.00381730475	0.00217818194	16.003152	0	0	0	0	3
127	78	0	1.8696471	0.00186933607	-0.00161695524	-0.0128209335	0.00381730475	0.00217818194	16.0121046	0	0	0	0	3
128	78	0	1.88436873	0.00257980208	-0.00155923605	-0.0128209335	0.00381730475	0.00217818194	16.0046334	0	0	0	0	3
129	79	0	1.89909036	0.0016093967	-0.00149042379	-0.0128209335	0.00381730475	0.00217818194	16.0192752	0	0	0	0	3
130	79	0	1.91381199	0.00175388431	-0.00140435467	-0.0128209335	0.00381730475	0.00217818194	16.0185644	0	0	0	0	3
131	80	0	1.92853362	0.000580712617	-0.00138795311	-0.0128209335	0.00381730475	0.00217818194	16.028286	0	0	0	0	3
132	80	0	1.94325525	-0.00208447826	-0.00149662774	-0.0128209335	0.00381730475	0.00217818194	16.1845493	0	0	0	0	3
133	81	0	1.95797688	0.00164404276	-0.00148161515	-0.0128209335	0.00381730475	0.00217818194	16.1883837	0	0	0	0	3
134	81	0	1.97269851	0.00190587196	-0.00145255036	-0.0128209335	0.00381730475	0.00209204634	16.1924553	0	0	0	0	3
135	82	0	1.98742014	-0.00212403959	-0.00143051538	-0.0128209335	0.00381730475	0.00209204634	16.0263221	0	0	0	0	3
136	82	0	2.00214177	-0.00531804525	-0.00160660718	-0.0128209335	0.00381730475	0.00203946388	16.3841547	0	0	0	0	3
137	83	0	2.0168634	-0.000223128006	-0.00157381248	-0.0128209335	0.00381730475	0.00190068522	16.2247136	0	0	0	0	3
138	83	0	2.03158503	-0.00382295208	-0.00154316105	-0.0128209335	0.00381730475	0.00186115421	16.2315022	0	0	0	0	3
139	84	0	2.04630667	-0.00207828994	-0.00154983845	-0.0128209335	0.00381730475	0.0018004006	16.0741688	0	0	0	0	3
140	85	0	2.0610283	-0.0057358963	-0.00164422677	-0.0128209335	0.00381730475	0.00159413577	16.2386755	0	0	0	0	3
141	85	0	2.07574993	-0.00433770437	-0.0015478269	-0.0128209335	0.00381730475	0.00143444768	15.9070241	0	0	0	0	3
142	86	0	2.09047156	-0.00804415417	-0.00158241891	-0.0128209335	0.00381730475	0.00128395012	16.0759632	0	0	0	0	3
143	86	0	2.10519319	-0.00574453242	-0.00155341295	-0.0128209335	0.00381730475	0.00113197569	15.9068868	0	0	0	0	3
144	87	0	2.11991482	-0.00575975661	-0.00153789896	-0.0128209335	0.00381730475	0.000762539788	15.9066598	0	0	0	0	3
145	87	0	2.13463645	-0.00627856185	-0.00134547626	-0.00804415417	0.00381730475	0.000763804478	16.0796528	0	0	0	0	3
146	88	0	2.14935808	-0.00698204377	-0.00139220445	-0.00804415417	0.00381730475	0.000763804478	16.0794175	0	0	0	0	3
147	88	0	2.16407971	-0.00561464531	-0.00140605265	-0.00804415417	0.00381730475	0.000763804478	16.0822247	0	0	0	0	3
148	89	0	2.17880134	-0.00437867853	-0.00142306496	-0.00804415417	0.00381730475	0.000763804478	15.9117885	0	0	0	0	3
149	90	0	2.19352297	-0.00409439486	-0.00138693695	-0.00804415417	0.00381730475	0.000763804478	15.9165533	0	0	0	0	3
150	90	0	2.2082446	-0.00487395983	-0.00136566846	-0.00804415417	0.00381730475	0.000763804478	15.9137836	0	0	0	0	3
151	91	0	2.22296623	-0.00448476696	-0.00144619459	-0.00804415417	0.00381730475	0.000743692019	16.0706843	0	0	0	0	3
152	91	0	2.23768786	-0.00172514735	-0.00155008846	-0.00804415417	0.00381730475	0.000743692019	16.0756407	0	0	0	0	3
153	92	0	2.25240949	-0.00333489662	-0.00165732305	-0.00804415417	0.00381730475	0.000661819232	16.083292	0	0	0	0	3
154	92	0	2.26713113	0.000516341378	-0.0017544102	-0.00804415417	0.00333956246	0.000619844618	16.0776499	0	0	0	0	3
155	93	0	2.28185276	-1.97927357e-05	-0.00181673036	-0.00804415417	0.00333956246	0.000569033407	15.9146983	0	0	0	0	3
156	93	0	2.29657439	0.00113526236	-0.00183544909	-0.00804415417	0.00333956246	0.000495095163	15.910114	0	0	0	0	3
157	94	0	2.31129602	0.0014989975	-0.00188636423	-0.00804415417	0.00333956246	0.000540887968	15.9050425	0	0	0	0	3
158	94	0	2.32601765	0.00174353494	-0.00193330622	-0.00804415417	0.00307299014	0.000587829954	15.8995545	0	0	0	0	3
159	95	0	2.34073928	0.00149261404	-0.00193109053	-0.00804415417	0.00307299014	0.000587829954	15.8957267	0	0	0	0	3
160	96	0	2.35546091	0.00283237461	-0.00193816745	-0.00804415417	0.00283237461	0.000592691192	15.8912155	0	0	0	0	3
161	96	0	2.37018254	0.000769255358	-0.00197052277	-0.00804415417	0.00283237461	0.000625046507	15.8956456	0	0	0	0	3
162	97	0	2.38490417	0.00263433677	-0.00196891881	-0.00804415417	0.00283237461	0.000625046507	15.8839993	0	0	0	0	3
163	97	0	2.3996258	0.00244645456	-0.00194429946	-0.00804415417	0.00283237461	0.000625046507	15.8859337	0	0	0	0	3
164	98	0	2.41434743	-0.000412941833	-0.00200802964	-0.00804415417	0.00283237461	0.000662553378	15.8731778	0	0	0	0	3
165	98	0	2.42906906	-0.00523783992	-0.00217916354	-0.00804415417	0.00283237461	0.000833687276	16.2232393	0	0	0	0	3
166	99	0	2.44379069	0.00181083445	-0.00206459552	-0.00804415417	0.00283237461	0.000833687276	16.2309474	0	0	0	0	3
167	100	0	2.45851232	0.0015358353	-0.00206777809	-0.00804415417	0.00283237461	0.000833687276	16.2448502	0	0	0	0	3
168	100	0	2.47323396	7.44833946e-05	-0.00212164246	-0.00804415417	0.00283237461	0.000833687276	16.248824	0	0	0	0	3
169	101	0	2.48795559	0.00105369098	-0.0020281798	-0.00804415417	0.00283237461	0.000833687276	16.2450169	0	0	0	0	3
170	101	0	2.50267722	0.00278243097	-0.0017899305	-0.00804415417	0.00283237461	0.000833687276	16.0806277	0	0	0	0	3
171	102	0	2.51739885	-0.00598073916	-0.001959272	-0.00804415417	0.00283237461	0.000833687276	16.2539255	0	0	0	0	3
172	102	0	2.53212048	-0.0012603565	-0.00188390154	-0.00804415417	0.00283237461	0.000833687276	16.2513872	0	0	0	0	3
173	103	0	2.54684211	-0.00284620298	-0.00190648722	-0.00804415417	0.00283237461	0.000833687276	16.258477	0	0	0	0	3
174	103	0	2.56156374	-0.00419497109	-0.00186116589	-0.00804415417	0.00283237461	0.000833687276	16.0840845	0	0	0	0	3
175	104	0	2.57628537	-0.00992519892	-0.00202550396	-0.00992519892	0.00283237461	0.000833687276	16.2472924	0	0	0	0	3
176	104	0	2.591007	-0.00402941905	-0.00190742352	-0.00992519892	0.00283237461	0.000833687276	16.2423008	0	0	0	0	3
177	105	0	2.60572863	-0.00592962006	-0.00191286727	-0.00992519892	0.00283237461	0.000833687276	16.0743417	0	0	0	0	3
178	105	0	2.62045026	-0.00577986962	-0.00191345883	-0.00992519892	0.00283237461	0.000833687276	15.915339	0	0	0	0	3
179	106	0	2.63517189	-0.0100597268	-0.00202466957	-0.0100597268	0.00283237461	0.000813495081	15.9092799	0	0	0	0	3
180	107	0	2.64989352	-0.012778252	-0.00219514628	-0.012778252	0.00283237461	0.000829477823	16.0676481	0	0	0	0	3
