Iteration	CPUTime	PhysTime	Travels	Value	AvValue	MinValue	MaxValue	Delta	Criteria	PrevAvRefValue	Progress	CriteriaType	CriteriaVarType	CriteriaPercentage
1	4	0	0.0147216307	1.45855776e+11	1.45855776e+11	1.45855776e+11	1.45855776e+11	0	0	0	0	0	0	3
2	5	0	0.0294432614	7.86732273e+10	1.12264502e+11	7.86732273e+10	1.45855776e+11	3.35912745e+10	0	0	0	0	0	3
3	6	0	0.0441648921	4.1595057e+10	8.87080202e+10	4.1595057e+10	1.45855776e+11	5.7147756e+10	0	0	0	0	0	3
4	6	0	0.0588865227	4.12269328e+10	7.68377483e+10	4.12269328e+10	1.45855776e+11	6.90180279e+10	0	0	0	0	0	3
5	7	0	0.0736081534	3.64744358e+10	6.87650858e+10	3.64744358e+10	1.45855776e+11	7.70906904e+10	0	0	0	0	0	3
6	7	0	0.0883297841	3.95109314e+10	6.38893934e+10	3.64744358e+10	1.45855776e+11	8.19663828e+10	0	0	0	0	0	3
7	8	0	0.103051415	3.73502379e+10	6.00980855e+10	3.64744358e+10	1.45855776e+11	8.57576907e+10	0	0	0	0	0	3
8	8	0	0.117773045	3.78911885e+10	5.73222234e+10	3.64744358e+10	1.45855776e+11	8.85335528e+10	0	0	0	0	0	3
9	9	0	0.132494676	3.88022139e+10	5.52644445e+10	3.64744358e+10	1.45855776e+11	9.05913317e+10	0	0	0	0	0	3
10	10	0	0.147216307	4.02766977e+10	5.37656698e+10	3.64744358e+10	1.45855776e+11	9.20901063e+10	0	0	0	0	0	3
11	10	0	0.161937938	4.19399465e+10	5.26906041e+10	3.64744358e+10	1.45855776e+11	9.31651721e+10	0	0	0	0	0	3
12	11	0	0.176659568	4.36199399e+10	5.19347154e+10	3.64744358e+10	1.45855776e+11	9.39210608e+10	0	0	0	0	0	3
13	11	0	0.191381199	4.50375459e+10	5.14041639e+10	3.64744358e+10	1.45855776e+11	9.44516123e+10	0	0	0	0	0	3
14	12	0	0.20610283	4.67635645e+10	5.10726925e+10	3.64744358e+10	1.45855776e+11	9.47830837e+10	0	0	0	0	0	3
15	12	0	0.22082446	4.91687711e+10	5.09457644e+10	3.64744358e+10	1.45855776e+11	9.49100118e+10	0	0	0	0	0	3
16	13	0	0.235546091	5.10647515e+10	5.09532011e+10	3.64744358e+10	1.45855776e+11	9.49100118e+10	0	0	0	0	0	3
17	14	0	0.250267722	5.37724807e+10	5.11190411e+10	3.64744358e+10	1.45855776e+11	9.49100118e+10	0	0	0	0	0	3
18	14	0	0.264989352	5.64817325e+10	5.14169684e+10	3.64744358e+10	1.45855776e+11	9.49100118e+10	0	0	0	0	0	3
19	15	0	0.279710983	5.92095206e+10	5.18271027e+10	3.64744358e+10	1.45855776e+11	9.49100118e+10	0	0	0	0	0	3
20	15	0	0.294432614	6.16779488e+10	5.2319645e+10	3.64744358e+10	1.45855776e+11	9.49100118e+10	0	0	0	0	0	3
21	16	0	0.309154244	6.38379448e+10	5.28681355e+10	3.64744358e+10	1.45855776e+11	9.49100118e+10	0	0	0	0	0	3
22	16	0	0.323875875	6.71312314e+10	5.3516458e+10	3.64744358e+10	1.45855776e+11	9.49100118e+10	0	0	0	0	0	3
23	17	0	0.338597506	7.02120413e+10	5.4242353e+10	3.64744358e+10	1.45855776e+11	9.49100118e+10	0	0	0	0	0	3
24	18	0	0.353319136	7.35757393e+10	5.50479107e+10	3.64744358e+10	1.45855776e+11	9.49100118e+10	0	0	0	0	0	3
25	18	0	0.368040767	7.6571839e+10	5.59088679e+10	3.64744358e+10	1.45855776e+11	9.49100118e+10	0	0	0	0	0	3
26	19	0	0.382762398	7.97020244e+10	5.68239893e+10	3.64744358e+10	1.45855776e+11	9.49100118e+10	0	0	0	0	0	3
27	19	0	0.397484028	8.39653812e+10	5.7829226e+10	3.64744358e+10	1.45855776e+11	9.49100118e+10	0	0	0	0	0	3
28	20	0	0.412205659	8.86534192e+10	5.893009e+10	3.64744358e+10	1.45855776e+11	9.49100118e+10	0	0	0	0	0	3
29	21	0	0.42692729	9.35013445e+10	6.01222023e+10	3.64744358e+10	1.45855776e+11	9.49100118e+10	0	0	0	0	0	3
30	21	0	0.441648921	9.81595367e+10	6.13901134e+10	3.64744358e+10	1.45855776e+11	9.49100118e+10	0	0	0	0	0	3
31	22	0	0.456370551	1.02800973e+11	6.27259476e+10	3.64744358e+10	1.45855776e+11	9.49100118e+10	0	0	0	0	0	3
32	22	0	0.471092182	1.09039532e+11	6.41732471e+10	3.64744358e+10	1.45855776e+11	9.49100118e+10	0	0	0	0	0	3
33	23	0	0.485813813	1.15429936e+11	6.57264801e+10	3.64744358e+10	1.45855776e+11	9.49100118e+10	0	0	0	0	0	3
34	24	0	0.500535443	1.21665697e+11	6.73717512e+10	3.64744358e+10	1.45855776e+11	9.49100118e+10	0	0	0	0	0	3
35	24	0	0.515257074	1.27872388e+11	6.6842828e+10	3.64744358e+10	1.27872388e+11	6.13187373e+10	0	0	0	0	0	3
36	25	0	0.529978705	1.33262957e+11	6.84484083e+10	3.64744358e+10	1.33262957e+11	3.77622557e+10	0	0	0	0	0	3
37	26	0	0.544700335	1.40135444e+11	7.1346655e+10	3.64744358e+10	1.40135444e+11	2.58919839e+10	0	0	0	0	0	3
38	26	0	0.559421966	1.47392304e+11	7.44691659e+10	3.64744358e+10	1.47392304e+11	2.35234014e+10	0	0	0	0	0	3
39	27	0	0.574143597	1.54503611e+11	7.79406122e+10	3.73502379e+10	1.54503611e+11	2.69948478e+10	0	0	0	0	0	3
40	27	0	0.588865227	1.61429764e+11	8.15264602e+10	3.73502379e+10	1.61429764e+11	3.05806958e+10	0	0	0	0	0	3
41	28	0	0.603586858	1.67257439e+11	8.53472603e+10	3.78911885e+10	1.67257439e+11	3.44014958e+10	0	0	0	0	0	3
42	28	0	0.618308489	1.74101986e+11	8.93534602e+10	3.88022139e+10	1.74101986e+11	3.84076957e+10	0	0	0	0	0	3
43	29	0	0.633030119	1.81014451e+11	9.3536173e+10	4.02766977e+10	1.81014451e+11	4.25904086e+10	0	0	0	0	0	3
44	30	0	0.64775175	1.87684087e+11	9.78716845e+10	4.19399465e+10	1.87684087e+11	4.692592e+10	0	0	0	0	0	3
45	30	0	0.662473381	1.94150422e+11	1.02348463e+11	4.36199399e+10	1.94150422e+11	5.14026987e+10	0	0	0	0	0	3
46	31	0	0.677195011	2.00361608e+11	1.06958512e+11	4.50375459e+10	2.00361608e+11	5.60127478e+10	0	0	0	0	0	3
47	32	0	0.691916642	2.06231032e+11	1.11699497e+11	4.67635645e+10	2.06231032e+11	6.07537327e+10	0	0	0	0	0	3
48	32	0	0.706638273	2.11811058e+11	1.16553835e+11	4.91687711e+10	2.11811058e+11	6.56080707e+10	0	0	0	0	0	3
49	33	0	0.721359904	2.17097862e+11	1.21492926e+11	5.10647515e+10	2.17097862e+11	7.05397249e+10	0	0	0	0	0	3
50	33	0	0.736081534	2.22097332e+11	1.26523296e+11	5.37724807e+10	2.22097332e+11	7.5404255e+10	0	0	0	0	0	3
51	34	0	0.750803165	2.26760276e+11	1.31611172e+11	5.64817325e+10	2.26760276e+11	8.0194204e+10	0	0	0	0	0	3
52	34	0	0.765524796	2.31212271e+11	1.36750306e+11	5.92095206e+10	2.31212271e+11	8.49232032e+10	0	0	0	0	0	3
53	35	0	0.780246426	2.35388579e+11	1.41932043e+11	6.16779488e+10	2.35388579e+11	8.96123979e+10	0	0	0	0	0	3
54	36	0	0.794968057	2.39454452e+11	1.47160764e+11	6.38379448e+10	2.39454452e+11	9.42926281e+10	0	0	0	0	0	3
55	36	0	0.809689688	2.43316875e+11	1.52439556e+11	6.71312314e+10	2.43316875e+11	9.89230976e+10	0	0	0	0	0	3
56	37	0	0.824411318	2.47056519e+11	1.57731476e+11	7.02120413e+10	2.47056519e+11	1.03489123e+11	0	0	0	0	0	3
57	37	0	0.839132949	2.50605241e+11	1.63037158e+11	7.35757393e+10	2.50605241e+11	1.07989247e+11	0	0	0	0	0	3
58	38	0	0.85385458	2.54021006e+11	1.68344372e+11	7.6571839e+10	2.54021006e+11	1.12435504e+11	0	0	0	0	0	3
59	39	0	0.86857621	2.57231048e+11	1.73657878e+11	7.97020244e+10	2.57231048e+11	1.16833889e+11	0	0	0	0	0	3
60	39	0	0.883297841	2.60385077e+11	1.78972086e+11	8.39653812e+10	2.60385077e+11	1.2114286e+11	0	0	0	0	0	3
61	40	0	0.898019472	2.63412332e+11	1.84249937e+11	8.86534192e+10	2.63412332e+11	1.25319847e+11	0	0	0	0	0	3
62	40	0	0.912741102	2.66370826e+11	1.8947692e+11	9.35013445e+10	2.66370826e+11	1.29354717e+11	0	0	0	0	0	3
63	41	0	0.927462733	2.69268078e+11	1.94646529e+11	9.81595367e+10	2.69268078e+11	1.33256416e+11	0	0	0	0	0	3
64	42	0	0.942184364	2.71976209e+11	1.99758784e+11	1.02800973e+11	2.71976209e+11	1.37032837e+11	0	0	0	0	0	3
65	42	0	0.956905994	2.74654028e+11	2.04813286e+11	1.09039532e+11	2.74654028e+11	1.40640039e+11	0	0	0	0	0	3
66	43	0	0.971627625	2.7727327e+11	2.09761337e+11	1.15429936e+11	2.7727327e+11	1.44034857e+11	0	0	0	0	0	3
67	43	0	0.986349256	2.79798888e+11	2.14595718e+11	1.21665697e+11	2.79798888e+11	1.4775289e+11	0	0	0	0	0	3
68	44	0	1.00107089	2.82218576e+11	2.19317862e+11	1.27872388e+11	2.82218576e+11	1.52475034e+11	7.37232419e+09	0	0	0	0	3
69	45	0	1.01579252	2.84682546e+11	2.23929925e+11	1.33262957e+11	2.84682546e+11	1.51419589e+11	7.44624331e+09	0	0	0	0	3
70	45	0	1.03051415	2.86996799e+11	2.28451509e+11	1.40135444e+11	2.86996799e+11	1.46861355e+11	7.4809571e+09	0	0	0	0	3
71	46	0	1.04523578	2.8914779e+11	2.32834225e+11	1.47392304e+11	2.8914779e+11	1.41755486e+11	7.51403827e+09	0	0	0	0	3
72	46	0	1.05995741	2.91271475e+11	2.37065965e+11	1.54503611e+11	2.91271475e+11	1.36767864e+11	7.5465065e+09	0	0	0	0	3
73	47	0	1.07467904	2.93237076e+11	2.41146361e+11	1.61429764e+11	2.93237076e+11	1.31807312e+11	7.57252623e+09	0	0	0	0	3
74	47	0	1.08940067	2.95078173e+11	2.45077197e+11	1.67257439e+11	2.95078173e+11	1.27820734e+11	7.5990782e+09	0	0	0	0	3
75	48	0	1.1041223	2.96845346e+11	2.48888606e+11	1.74101986e+11	2.96845346e+11	1.2274336e+11	7.62329913e+09	0	0	0	0	3
76	49	0	1.11884393	2.98453756e+11	2.52546011e+11	1.81014451e+11	2.98453756e+11	1.17439305e+11	7.64408003e+09	0	0	0	0	3
77	49	0	1.13356556	3.00047656e+11	2.56046987e+11	1.87684087e+11	3.00047656e+11	1.12363569e+11	7.66064099e+09	0	0	0	0	3
78	50	0	1.14828719	3.01485567e+11	2.5939409e+11	1.94150422e+11	3.01485567e+11	1.07335145e+11	7.67321376e+09	0	0	0	0	3
79	50	0	1.16300882	3.02871304e+11	2.62591763e+11	2.00361608e+11	3.02871304e+11	1.02509696e+11	7.68269804e+09	0	0	0	0	3
80	51	0	1.17773045	3.04199752e+11	2.65645826e+11	2.06231032e+11	3.04199752e+11	9.796872e+10	7.69037872e+09	0	0	0	0	3
81	51	0	1.19245209	3.05561758e+11	2.68567318e+11	2.11811058e+11	3.05561758e+11	9.37506995e+10	7.69603773e+09	0	0	0	0	3
82	52	0	1.20717372	3.06965295e+11	2.71365972e+11	2.17097862e+11	3.06965295e+11	8.98674336e+10	7.69874187e+09	0	0	0	0	3
83	53	0	1.22189535	3.08362252e+11	2.74050218e+11	2.22097332e+11	3.08362252e+11	8.62649197e+10	7.70008741e+09	0	0	0	0	3
84	53	0	1.23661698	3.09692981e+11	2.76626561e+11	2.26760276e+11	3.09692981e+11	8.29327053e+10	7.69868289e+09	0	0	0	0	3
85	54	0	1.25133861	3.11039893e+11	2.79105373e+11	2.31212271e+11	3.11039893e+11	7.98276219e+10	7.69503947e+09	0	0	0	0	3
86	54	0	1.26606024	3.12122183e+11	2.81485077e+11	2.35388579e+11	3.12122183e+11	7.67336042e+10	7.68905838e+09	0	0	0	0	3
87	55	0	1.28078187	3.13175838e+11	2.83772937e+11	2.39454452e+11	3.13175838e+11	7.37213866e+10	7.68147303e+09	0	0	0	0	3
88	56	0	1.2955035	3.14219958e+11	2.85971923e+11	2.43316875e+11	3.14219958e+11	7.09030828e+10	7.6729724e+09	0	0	0	0	3
89	56	0	1.31022513	3.15149736e+11	2.88084654e+11	2.47056519e+11	3.15149736e+11	6.80932173e+10	7.66190491e+09	0	0	0	0	3
90	57	0	1.32494676	3.15967553e+11	2.90111449e+11	2.50605241e+11	3.15967553e+11	6.53623126e+10	7.64875766e+09	0	0	0	0	3
91	57	0	1.33966839	3.16737409e+11	2.92056513e+11	2.54021006e+11	3.16737409e+11	6.27164032e+10	7.63337037e+09	0	0	0	0	3
92	58	0	1.35439002	3.17378752e+11	2.93919976e+11	2.57231048e+11	3.17378752e+11	6.01477048e+10	7.61632192e+09	0	0	0	0	3
93	58	0	1.36911165	3.17978522e+11	2.95706666e+11	2.60385077e+11	3.17978522e+11	5.75934444e+10	7.59760084e+09	0	0	0	0	3
94	59	0	1.38383328	3.18581725e+11	2.97418332e+11	2.63412332e+11	3.18581725e+11	5.51693923e+10	7.57609658e+09	0	0	0	0	3
95	59	0	1.39855492	3.19149885e+11	2.99057672e+11	2.66370826e+11	3.19149885e+11	5.27790591e+10	7.5516076e+09	0	0	0	0	3
96	60	0	1.41327655	3.19697073e+11	3.00626091e+11	2.69268078e+11	3.19697073e+11	5.04289945e+10	7.52425989e+09	0	0	0	0	3
97	60	0	1.42799818	3.20335932e+11	3.02128087e+11	2.71976209e+11	3.20335932e+11	4.83597226e+10	7.49464031e+09	0	0	0	0	3
98	61	0	1.44271981	3.20906861e+11	3.03567224e+11	2.74654028e+11	3.20906861e+11	4.62528333e+10	7.46292485e+09	0	0	0	0	3
99	62	0	1.45744144	3.21361302e+11	3.04940967e+11	2.7727327e+11	3.21361302e+11	4.40880321e+10	7.42765802e+09	0	0	0	0	3
100	62	0	1.47216307	3.21827096e+11	3.06251374e+11	2.79798888e+11	3.21827096e+11	4.20282079e+10	7.38904104e+09	0	0	0	0	3
101	63	0	1.4868847	3.22314453e+11	3.07501832e+11	2.82218576e+11	3.22314453e+11	4.00958772e+10	7.37232419e+09	0	0	0	0	3
102	64	0	1.50160633	3.2278724e+11	3.08695028e+11	2.84682546e+11	3.2278724e+11	3.81046937e+10	7.37232419e+09	0	0	0	0	3
103	64	0	1.51632796	3.23106974e+11	3.09825158e+11	2.86996799e+11	3.23106974e+11	3.61101751e+10	7.37232419e+09	0	0	0	0	3
104	65	0	1.53104959	3.23436756e+11	3.10896921e+11	2.8914779e+11	3.23436756e+11	3.42889661e+10	7.37232419e+09	0	0	0	0	3
105	66	0	1.54577122	3.23712785e+11	3.11913539e+11	2.91271475e+11	3.23712785e+11	3.24413098e+10	7.37232419e+09	0	0	0	0	3
106	66	0	1.56049285	3.24057199e+11	3.12877825e+11	2.93237076e+11	3.24057199e+11	3.08201223e+10	7.37232419e+09	0	0	0	0	3
107	67	0	1.57521448	3.24127078e+11	3.13786354e+11	2.95078173e+11	3.24127078e+11	2.9048905e+10	7.37232419e+09	0	0	0	0	3
108	67	0	1.58993611	3.24288302e+11	3.14645476e+11	2.96845346e+11	3.24288302e+11	2.74429555e+10	7.37232419e+09	0	0	0	0	3
109	68	0	1.60465774	3.24444881e+11	3.15457227e+11	2.98453756e+11	3.24444881e+11	2.59911245e+10	7.37232419e+09	0	0	0	0	3
110	68	0	1.61937938	3.2450225e+11	3.16223359e+11	3.00047656e+11	3.2450225e+11	2.44545947e+10	7.37232419e+09	0	0	0	0	3
111	69	0	1.63410101	3.24499501e+11	3.16942531e+11	3.01485567e+11	3.2450225e+11	2.30166832e+10	7.37232419e+09	0	0	0	0	3
112	69	0	1.64882264	3.2463685e+11	3.17623451e+11	3.02871304e+11	3.2463685e+11	2.17655457e+10	7.37232419e+09	0	0	0	0	3
113	70	0	1.66354427	3.24702991e+11	3.18265559e+11	3.04199752e+11	3.24702991e+11	2.0503239e+10	7.37232419e+09	0	0	0	0	3
114	71	0	1.6782659	3.24754385e+11	3.18870107e+11	3.05561758e+11	3.24754385e+11	1.91926272e+10	7.37232419e+09	0	0	0	0	3
115	71	0	1.69298753	3.24736259e+11	3.19434063e+11	3.06965295e+11	3.24754385e+11	1.77890898e+10	7.37232419e+09	0	0	0	0	3
116	72	0	1.70770916	3.24852202e+11	3.19960149e+11	3.08362252e+11	3.24852202e+11	1.64899499e+10	7.37232419e+09	0	0	0	0	3
117	72	0	1.72243079	3.24890678e+11	3.20446279e+11	3.09692981e+11	3.24890678e+11	1.51976965e+10	7.37232419e+09	0	0	0	0	3
118	73	0	1.73715242	3.25078916e+11	3.20898806e+11	3.11039893e+11	3.25078916e+11	1.40390236e+10	7.37232419e+09	0	0	0	0	3
119	73	0	1.75187405	3.25175991e+11	3.21314574e+11	3.12122183e+11	3.25175991e+11	1.30538078e+10	7.37232419e+09	0	0	0	0	3
120	74	0	1.76659568	3.25438903e+11	3.21706242e+11	3.13175838e+11	3.25438903e+11	1.22630643e+10	7.37232419e+09	0	0	0	0	3
121	74	0	1.78131731	3.25794028e+11	3.22077365e+11	3.14219958e+11	3.25794028e+11	1.15740698e+10	7.37232419e+09	0	0	0	0	3
122	75	0	1.79603894	3.26014706e+11	3.2242427e+11	3.15149736e+11	3.26014706e+11	1.08649698e+10	7.37232419e+09	0	0	0	0	3
123	75	0	1.81076057	3.2628125e+11	3.22751667e+11	3.15967553e+11	3.2628125e+11	1.03136969e+10	7.37232419e+09	0	0	0	0	3
124	76	0	1.8254822	3.26519277e+11	3.23062012e+11	3.16737409e+11	3.26519277e+11	9.78186796e+09	7.37232419e+09	0	0	0	0	3
125	76	0	1.84020384	3.26683919e+11	3.23354556e+11	3.17378752e+11	3.26683919e+11	9.30516681e+09	7.37232419e+09	0	0	0	0	3
126	77	0	1.85492547	3.2684842e+11	3.23633076e+11	3.17978522e+11	3.2684842e+11	8.86989859e+09	7.37232419e+09	0	0	0	0	3
127	78	0	1.8696471	3.26929045e+11	3.23896327e+11	3.18581725e+11	3.26929045e+11	8.34732063e+09	7.37232419e+09	0	0	0	0	3
128	78	0	1.88436873	3.27115142e+11	3.2414731e+11	3.19149885e+11	3.27115142e+11	7.96525686e+09	7.37232419e+09	0	0	0	0	3
129	79	0	1.89909036	3.27164895e+11	3.24383045e+11	3.19697073e+11	3.27164895e+11	7.46782182e+09	7.37232419e+09	0	0	0	0	3
130	79	0	1.91381199	3.27244745e+11	3.24605036e+11	3.20335932e+11	3.27244745e+11	6.90881364e+09	7.37232419e+09	0	0	0	0	3
131	80	0	1.92853362	3.27287898e+11	3.24809505e+11	3.20906861e+11	3.27287898e+11	6.38103669e+09	7.37232419e+09	0	0	0	0	3
132	80	0	1.94325525	3.27340717e+11	3.24998736e+11	3.21361302e+11	3.27340717e+11	5.97941508e+09	7.37232419e+09	0	0	0	0	3
133	81	0	1.95797688	3.27338236e+11	3.25174528e+11	3.21827096e+11	3.27340717e+11	5.51362161e+09	7.37232419e+09	0	0	0	0	3
134	81	0	1.97269851	3.2736698e+11	3.25337466e+11	3.22314453e+11	3.2736698e+11	5.05252713e+09	7.37232419e+09	0	0	0	0	3
135	82	0	1.98742014	3.27395596e+11	3.25486912e+11	3.2278724e+11	3.27395596e+11	4.60835633e+09	7.37232419e+09	0	0	0	0	3
136	82	0	2.00214177	3.27424242e+11	3.25623294e+11	3.23106974e+11	3.27424242e+11	4.31726832e+09	7.37232419e+09	0	0	0	0	3
137	83	0	2.0168634	3.27438421e+11	3.25750689e+11	3.23436756e+11	3.27438421e+11	4.00166475e+09	7.37232419e+09	0	0	0	0	3
138	83	0	2.03158503	3.27395596e+11	3.25867126e+11	3.23712785e+11	3.27438421e+11	3.72563572e+09	7.37232419e+09	0	0	0	0	3
139	84	0	2.04630667	3.2732657e+11	3.25973414e+11	3.24057199e+11	3.27438421e+11	3.38122203e+09	7.37232419e+09	0	0	0	0	3
140	85	0	2.0610283	3.27328491e+11	3.26069628e+11	3.24127078e+11	3.27438421e+11	3.31134276e+09	7.37232419e+09	0	0	0	0	3
141	85	0	2.07574993	3.27206751e+11	3.26160207e+11	3.24288302e+11	3.27438421e+11	3.15011916e+09	7.37232419e+09	0	0	0	0	3
142	86	0	2.09047156	3.27038367e+11	3.26241091e+11	3.24444881e+11	3.27438421e+11	2.99354022e+09	7.37232419e+09	0	0	0	0	3
143	86	0	2.10519319	3.26942774e+11	3.26314559e+11	3.24499501e+11	3.27438421e+11	2.93891966e+09	7.37232419e+09	0	0	0	0	3
144	87	0	2.11991482	3.2677042e+11	3.26381269e+11	3.24499501e+11	3.27438421e+11	2.93891966e+09	7.37232419e+09	0	0	0	0	3
145	87	0	2.13463645	3.26533786e+11	3.26441101e+11	3.2463685e+11	3.27438421e+11	2.80157071e+09	7.37232419e+09	0	0	0	0	3
146	88	0	2.14935808	3.26462503e+11	3.26494797e+11	3.24702991e+11	3.27438421e+11	2.73542985e+09	7.37232419e+09	0	0	0	0	3
147	88	0	2.16407971	3.26323556e+11	3.26542461e+11	3.24736259e+11	3.27438421e+11	2.70216217e+09	7.37232419e+09	0	0	0	0	3
148	89	0	2.17880134	3.26175733e+11	3.26584265e+11	3.24736259e+11	3.27438421e+11	2.70216217e+09	7.37232419e+09	0	0	0	0	3
149	90	0	2.19352297	3.26025034e+11	3.2662217e+11	3.24852202e+11	3.27438421e+11	2.58621867e+09	7.37232419e+09	0	0	0	0	3
150	90	0	2.2082446	3.25967531e+11	3.26654974e+11	3.24890678e+11	3.27438421e+11	2.54774305e+09	7.37232419e+09	0	0	0	0	3
151	91	0	2.22296623	3.25790112e+11	3.26681428e+11	3.25078916e+11	3.27438421e+11	2.35950452e+09	7.37232419e+09	0	0	0	0	3
152	91	0	2.23768786	3.25755956e+11	3.26701341e+11	3.25175991e+11	3.27438421e+11	2.26242969e+09	7.37232419e+09	0	0	0	0	3
153	92	0	2.25240949	3.25658461e+11	3.26715531e+11	3.25438903e+11	3.27438421e+11	1.99951814e+09	7.37232419e+09	0	0	0	0	3
154	92	0	2.26713113	3.25591136e+11	3.26720009e+11	3.25591136e+11	3.27438421e+11	1.8472843e+09	7.37232419e+09	0	0	0	0	3
155	93	0	2.28185276	3.25588208e+11	3.26713955e+11	3.25588208e+11	3.27438421e+11	1.85021232e+09	7.37232419e+09	0	0	0	0	3
156	93	0	2.29657439	3.25555335e+11	3.26700444e+11	3.25555335e+11	3.27438421e+11	1.88308529e+09	7.37232419e+09	0	0	0	0	3
157	94	0	2.31129602	3.2544567e+11	3.26675868e+11	3.2544567e+11	3.27438421e+11	1.99275029e+09	7.37232419e+09	0	0	0	0	3
158	94	0	2.32601765	3.25416377e+11	3.2664343e+11	3.25416377e+11	3.27438421e+11	2.02204351e+09	7.37232419e+09	0	0	0	0	3
159	95	0	2.34073928	3.25442293e+11	3.26606912e+11	3.25416377e+11	3.27438421e+11	2.02204351e+09	7.37232419e+09	0	0	0	0	3
160	96	0	2.35546091	3.25292726e+11	3.26561156e+11	3.25292726e+11	3.27438421e+11	2.14569521e+09	7.37232419e+09	0	0	0	0	3
161	96	0	2.37018254	3.25237728e+11	3.26511411e+11	3.25237728e+11	3.27438421e+11	2.20069308e+09	7.37232419e+09	0	0	0	0	3
162	97	0	2.38490417	3.25262033e+11	3.26456908e+11	3.25237728e+11	3.27438421e+11	2.20069308e+09	7.37232419e+09	0	0	0	0	3
163	97	0	2.3996258	3.2527203e+11	3.26401236e+11	3.25237728e+11	3.27438421e+11	2.11497308e+09	7.37232419e+09	0	0	0	0	3
164	98	0	2.41434743	3.25184688e+11	3.26340646e+11	3.25184688e+11	3.27438421e+11	1.91050348e+09	7.37232419e+09	0	0	0	0	3
165	98	0	2.42906906	3.25103404e+11	3.26276396e+11	3.25103404e+11	3.27438421e+11	1.72127243e+09	7.37232419e+09	0	0	0	0	3
166	99	0	2.44379069	3.25079803e+11	3.26209898e+11	3.25079803e+11	3.27438421e+11	1.54548026e+09	7.37232419e+09	0	0	0	0	3
167	100	0	2.45851232	3.25031134e+11	3.26142043e+11	3.25031134e+11	3.27438421e+11	1.38254249e+09	7.37232419e+09	0	0	0	0	3
168	100	0	2.47323396	3.24945933e+11	3.26070835e+11	3.24945933e+11	3.27438421e+11	1.23309709e+09	7.37232419e+09	0	0	0	0	3
169	101	0	2.48795559	3.24873189e+11	3.25996647e+11	3.24873189e+11	3.27438421e+11	1.09671467e+09	7.37232419e+09	0	0	0	0	3
170	101	0	2.50267722	3.24858952e+11	3.25921197e+11	3.24858952e+11	3.27438421e+11	969319176	7.37232419e+09	0	0	0	0	3
171	102	0	2.51739885	3.24779535e+11	3.25842995e+11	3.24779535e+11	3.27395596e+11	877014096	7.37232419e+09	0	0	0	0	3
172	102	0	2.53212048	3.24668829e+11	3.25762796e+11	3.24668829e+11	3.27328491e+11	957213133	7.37232419e+09	0	0	0	0	3
173	103	0	2.54684211	3.24588706e+11	3.2568227e+11	3.24588706e+11	3.27328491e+11	1.03773854e+09	7.37232419e+09	0	0	0	0	3
174	103	0	2.56156374	3.24600354e+11	3.25602031e+11	3.24588706e+11	3.27206751e+11	1.11797786e+09	7.37232419e+09	0	0	0	0	3
175	104	0	2.57628537	3.24485244e+11	3.25521986e+11	3.24485244e+11	3.27038367e+11	1.19802217e+09	7.37232419e+09	0	0	0	0	3
176	104	0	2.591007	3.24374234e+11	3.2544363e+11	3.24374234e+11	3.26942774e+11	1.27637903e+09	7.37232419e+09	0	0	0	0	3
177	105	0	2.60572863	3.24201018e+11	3.2536299e+11	3.24201018e+11	3.2677042e+11	1.35701894e+09	7.37232419e+09	0	0	0	0	3
178	105	0	2.62045026	3.24037747e+11	3.25282617e+11	3.24037747e+11	3.26533786e+11	1.43739168e+09	7.37232419e+09	0	0	0	0	3
179	106	0	2.63517189	3.23979949e+11	3.25207504e+11	3.23979949e+11	3.26462503e+11	1.51250452e+09	7.37232419e+09	0	0	0	0	3
180	107	0	2.64989352	3.23774585e+11	3.25128448e+11	3.23774585e+11	3.26323556e+11	1.59156093e+09	7.37232419e+09	0	0	0	0	3
